0 0 0 0 
0 1.70711 0 -0.414214 
0.5 2.20711 -0.5 0.0857864 
0 2.70711 0 0.585786 
0 3.41421 0 -0.828427 
0.5 3.91421 -0.5 -0.328427 
0 4.41421 0 0.171573 
0 6.12132 0 -0.242641 
0.5 6.62132 -0.5 0.257359 
0 7.82843 0 -0.656854 
0.5 8.32843 -0.5 -0.156854 
0 8.82843 0 0.343146 
0.5 10.0355 -0.5 -0.571068 
0 10.5355 0 -0.0710678 
0 12.2426 0 -0.485281 
0.5 12.7426 -0.5 0.0147186 
0 13.2426 0 0.514719 
0 13.9497 0 -0.899495 
0.5 14.4497 -0.5 -0.399495 
0 14.9497 0 0.100505 
0 16.6569 0 -0.313708 
0.5 17.1569 -0.5 0.186292 
0 18.364 0 -0.727922 
0.5 18.864 -0.5 -0.227922 
0 19.364 0 0.272078 
1.70711 0 0.414214 0 
2.70711 0 -0.585786 0 
2.20711 0.5 -0.0857864 0.5 
2.20711 1.20711 -0.0857864 -0.914214 
1.70711 1.70711 0.414214 -0.414214 
1.20711 2.20711 0.914214 0.0857864 
2.70711 1.70711 -0.585786 -0.414214 
2.20711 2.20711 -0.0857864 0.0857864 
1.70711 2.70711 0.414214 0.585786 
1.70711 3.41421 0.414214 -0.828427 
1.20711 3.91421 0.914214 -0.328427 
2.20711 3.91421 -0.0857864 -0.328427 
1.70711 4.41421 0.414214 0.171573 
2.70711 4.41421 -0.585786 0.171573 
2.20711 5.62132 -0.0857864 -0.742641 
1.70711 6.12132 0.414214 -0.242641 
1.20711 6.62132 0.914214 0.257359 
2.70711 6.12132 -0.585786 -0.242641 
2.20711 6.62132 -0.0857864 0.257359 
1.70711 7.82843 0.414214 -0.656854 
1.20711 8.32843 0.914214 -0.156854 
2.20711 8.32843 -0.0857864 -0.156854 
1.70711 8.82843 0.414214 0.343146 
1.20711 10.0355 0.914214 -0.571068 
2.20711 10.0355 -0.0857864 -0.571068 
1.70711 10.5355 0.414214 -0.0710678 
2.70711 10.5355 -0.585786 -0.0710678 
2.20711 11.0355 -0.0857864 0.428932 
2.20711 11.7426 -0.0857864 -0.985281 
1.70711 12.2426 0.414214 -0.485281 
1.20711 12.7426 0.914214 0.0147186 
2.70711 12.2426 -0.585786 -0.485281 
2.20711 12.7426 -0.0857864 0.0147186 
1.70711 13.2426 0.414214 0.514719 
1.70711 13.9497 0.414214 -0.899495 
1.20711 14.4497 0.914214 -0.399495 
2.20711 14.4497 -0.0857864 -0.399495 
1.70711 14.9497 0.414214 0.100505 
2.70711 14.9497 -0.585786 0.100505 
2.20711 15.4497 -0.0857864 0.600505 
2.20711 16.1569 -0.0857864 -0.813708 
1.70711 16.6569 0.414214 -0.313708 
1.20711 17.1569 0.914214 0.186292 
2.70711 16.6569 -0.585786 -0.313708 
2.20711 17.1569 -0.0857864 0.186292 
1.70711 18.364 0.414214 -0.727922 
1.20711 18.864 0.914214 -0.227922 
2.20711 18.864 -0.0857864 -0.227922 
1.70711 19.364 0.414214 0.272078 
3.41421 0 0.828427 0 
4.41421 0 -0.171573 0 
3.91421 0.5 0.328427 0.5 
3.91421 1.20711 0.328427 -0.914214 
3.41421 1.70711 0.828427 -0.414214 
4.41421 1.70711 -0.171573 -0.414214 
3.91421 2.20711 0.328427 0.0857864 
4.41421 2.70711 -0.171573 0.585786 
4.41421 3.41421 -0.171573 -0.828427 
3.91421 3.91421 0.328427 -0.328427 
3.41421 4.41421 0.828427 0.171573 
4.41421 4.41421 -0.171573 0.171573 
3.91421 5.62132 0.328427 -0.742641 
3.41421 6.12132 0.828427 -0.242641 
4.41421 6.12132 -0.171573 -0.242641 
3.91421 6.62132 0.328427 0.257359 
3.41421 7.82843 0.828427 -0.656854 
4.41421 7.82843 -0.171573 -0.656854 
3.91421 8.32843 0.328427 -0.156854 
3.41421 8.82843 0.828427 0.343146 
4.41421 8.82843 -0.171573 0.343146 
3.91421 10.0355 0.328427 -0.571068 
3.41421 10.5355 0.828427 -0.0710678 
4.41421 10.5355 -0.171573 -0.0710678 
3.91421 11.0355 0.328427 0.428932 
3.91421 11.7426 0.328427 -0.985281 
3.41421 12.2426 0.828427 -0.485281 
4.41421 12.2426 -0.171573 -0.485281 
3.91421 12.7426 0.328427 0.0147186 
4.41421 13.2426 -0.171573 0.514719 
4.41421 13.9497 -0.171573 -0.899495 
3.91421 14.4497 0.328427 -0.399495 
3.41421 14.9497 0.828427 0.100505 
4.41421 14.9497 -0.171573 0.100505 
3.91421 15.4497 0.328427 0.600505 
3.91421 16.1569 0.328427 -0.813708 
3.41421 16.6569 0.828427 -0.313708 
4.41421 16.6569 -0.171573 -0.313708 
3.91421 17.1569 0.328427 0.186292 
3.41421 18.364 0.828427 -0.727922 
4.41421 18.364 -0.171573 -0.727922 
3.91421 18.864 0.328427 -0.227922 
3.41421 19.364 0.828427 0.272078 
4.41421 19.364 -0.171573 0.272078 
6.12132 0 0.242641 0 
6.62132 0.5 -0.257359 0.5 
6.62132 1.20711 -0.257359 -0.914214 
6.12132 1.70711 0.242641 -0.414214 
5.62132 2.20711 0.742641 0.0857864 
6.62132 2.20711 -0.257359 0.0857864 
6.12132 2.70711 0.242641 0.585786 
6.12132 3.41421 0.242641 -0.828427 
5.62132 3.91421 0.742641 -0.328427 
6.62132 3.91421 -0.257359 -0.328427 
6.12132 4.41421 0.242641 0.171573 
5.62132 5.62132 0.742641 -0.742641 
6.62132 5.62132 -0.257359 -0.742641 
6.12132 6.12132 0.242641 -0.242641 
5.62132 6.62132 0.742641 0.257359 
6.62132 6.62132 -0.257359 0.257359 
6.12132 7.82843 0.242641 -0.656854 
5.62132 8.32843 0.742641 -0.156854 
6.62132 8.32843 -0.257359 -0.156854 
6.12132 8.82843 0.242641 0.343146 
5.62132 10.0355 0.742641 -0.571068 
6.62132 10.0355 -0.257359 -0.571068 
6.12132 10.5355 0.242641 -0.0710678 
5.62132 11.0355 0.742641 0.428932 
6.62132 11.0355 -0.257359 0.428932 
6.12132 12.2426 0.242641 -0.485281 
5.62132 12.7426 0.742641 0.0147186 
6.62132 12.7426 -0.257359 0.0147186 
6.12132 13.2426 0.242641 0.514719 
6.12132 13.9497 0.242641 -0.899495 
5.62132 14.4497 0.742641 -0.399495 
6.62132 14.4497 -0.257359 -0.399495 
6.12132 14.9497 0.242641 0.100505 
5.62132 16.1569 0.742641 -0.813708 
6.62132 16.1569 -0.257359 -0.813708 
6.12132 16.6569 0.242641 -0.313708 
5.62132 17.1569 0.742641 0.186292 
6.62132 17.1569 -0.257359 0.186292 
6.12132 18.364 0.242641 -0.727922 
5.62132 18.864 0.742641 -0.227922 
6.62132 18.864 -0.257359 -0.227922 
6.12132 19.364 0.242641 0.272078 
7.82843 0 0.656854 0 
8.82843 0 -0.343146 0 
8.32843 0.5 0.156854 0.5 
8.32843 1.20711 0.156854 -0.914214 
7.82843 1.70711 0.656854 -0.414214 
8.82843 1.70711 -0.343146 -0.414214 
8.32843 2.20711 0.156854 0.0857864 
7.82843 3.41421 0.656854 -0.828427 
8.82843 3.41421 -0.343146 -0.828427 
8.32843 3.91421 0.156854 -0.328427 
7.82843 4.41421 0.656854 0.171573 
8.82843 4.41421 -0.343146 0.171573 
8.32843 5.62132 0.156854 -0.742641 
7.82843 6.12132 0.656854 -0.242641 
8.82843 6.12132 -0.343146 -0.242641 
8.32843 6.62132 0.156854 0.257359 
7.82843 7.82843 0.656854 -0.656854 
8.82843 7.82843 -0.343146 -0.656854 
8.32843 8.32843 0.156854 -0.156854 
7.82843 8.82843 0.656854 0.343146 
8.82843 8.82843 -0.343146 0.343146 
8.32843 10.0355 0.156854 -0.571068 
7.82843 10.5355 0.656854 -0.0710678 
8.82843 10.5355 -0.343146 -0.0710678 
8.32843 11.0355 0.156854 0.428932 
8.32843 11.7426 0.156854 -0.985281 
7.82843 12.2426 0.656854 -0.485281 
8.82843 12.2426 -0.343146 -0.485281 
8.32843 12.7426 0.156854 0.0147186 
7.82843 13.2426 0.656854 0.514719 
7.82843 13.9497 0.656854 -0.899495 
8.32843 14.4497 0.156854 -0.399495 
7.82843 14.9497 0.656854 0.100505 
8.82843 14.9497 -0.343146 0.100505 
8.32843 15.4497 0.156854 0.600505 
8.32843 16.1569 0.156854 -0.813708 
7.82843 16.6569 0.656854 -0.313708 
8.82843 16.6569 -0.343146 -0.313708 
8.32843 17.1569 0.156854 0.186292 
7.82843 18.364 0.656854 -0.727922 
8.82843 18.364 -0.343146 -0.727922 
8.32843 18.864 0.156854 -0.227922 
7.82843 19.364 0.656854 0.272078 
8.82843 19.364 -0.343146 0.272078 
10.5355 0 0.0710678 0 
10.0355 0.5 0.571068 0.5 
10.0355 1.20711 0.571068 -0.914214 
10.5355 1.70711 0.0710678 -0.414214 
10.0355 2.20711 0.571068 0.0857864 
11.0355 2.20711 -0.428932 0.0857864 
10.5355 2.70711 0.0710678 0.585786 
10.5355 3.41421 0.0710678 -0.828427 
10.0355 3.91421 0.571068 -0.328427 
11.0355 3.91421 -0.428932 -0.328427 
10.5355 4.41421 0.0710678 0.171573 
10.0355 5.62132 0.571068 -0.742641 
11.0355 5.62132 -0.428932 -0.742641 
10.5355 6.12132 0.0710678 -0.242641 
10.0355 6.62132 0.571068 0.257359 
11.0355 6.62132 -0.428932 0.257359 
10.5355 7.82843 0.0710678 -0.656854 
10.0355 8.32843 0.571068 -0.156854 
11.0355 8.32843 -0.428932 -0.156854 
10.5355 8.82843 0.0710678 0.343146 
10.0355 10.0355 0.571068 -0.571068 
11.0355 10.0355 -0.428932 -0.571068 
10.5355 10.5355 0.0710678 -0.0710678 
10.0355 11.0355 0.571068 0.428932 
10.0355 11.7426 0.571068 -0.985281 
10.5355 12.2426 0.0710678 -0.485281 
10.0355 12.7426 0.571068 0.0147186 
11.0355 12.7426 -0.428932 0.0147186 
10.5355 13.2426 0.0710678 0.514719 
10.5355 13.9497 0.0710678 -0.899495 
10.0355 14.4497 0.571068 -0.399495 
11.0355 14.4497 -0.428932 -0.399495 
10.5355 14.9497 0.0710678 0.100505 
10.0355 15.4497 0.571068 0.600505 
10.0355 16.1569 0.571068 -0.813708 
10.5355 16.6569 0.0710678 -0.313708 
10.0355 17.1569 0.571068 0.186292 
11.0355 17.1569 -0.428932 0.186292 
10.5355 18.364 0.0710678 -0.727922 
10.0355 18.864 0.571068 -0.227922 
11.0355 18.864 -0.428932 -0.227922 
10.5355 19.364 0.0710678 0.272078 
12.2426 0 0.485281 0 
13.2426 0 -0.514719 0 
12.7426 0.5 -0.0147186 0.5 
12.7426 1.20711 -0.0147186 -0.914214 
12.2426 1.70711 0.485281 -0.414214 
11.7426 2.20711 0.985281 0.0857864 
13.2426 1.70711 -0.514719 -0.414214 
12.7426 2.20711 -0.0147186 0.0857864 
12.2426 2.70711 0.485281 0.585786 
12.2426 3.41421 0.485281 -0.828427 
11.7426 3.91421 0.985281 -0.328427 
12.7426 3.91421 -0.0147186 -0.328427 
12.2426 4.41421 0.485281 0.171573 
13.2426 4.41421 -0.514719 0.171573 
12.7426 5.62132 -0.0147186 -0.742641 
12.2426 6.12132 0.485281 -0.242641 
13.2426 6.12132 -0.514719 -0.242641 
12.7426 6.62132 -0.0147186 0.257359 
12.2426 7.82843 0.485281 -0.656854 
11.7426 8.32843 0.985281 -0.156854 
13.2426 7.82843 -0.514719 -0.656854 
12.7426 8.32843 -0.0147186 -0.156854 
12.2426 8.82843 0.485281 0.343146 
11.7426 10.0355 0.985281 -0.571068 
12.7426 10.0355 -0.0147186 -0.571068 
12.2426 10.5355 0.485281 -0.0710678 
13.2426 10.5355 -0.514719 -0.0710678 
12.7426 11.0355 -0.0147186 0.428932 
12.7426 11.7426 -0.0147186 -0.985281 
12.2426 12.2426 0.485281 -0.485281 
11.7426 12.7426 0.985281 0.0147186 
13.2426 12.2426 -0.514719 -0.485281 
12.7426 12.7426 -0.0147186 0.0147186 
12.2426 13.2426 0.485281 0.514719 
12.2426 13.9497 0.485281 -0.899495 
11.7426 14.4497 0.985281 -0.399495 
12.7426 14.4497 -0.0147186 -0.399495 
12.2426 14.9497 0.485281 0.100505 
13.2426 14.9497 -0.514719 0.100505 
12.7426 15.4497 -0.0147186 0.600505 
12.7426 16.1569 -0.0147186 -0.813708 
12.2426 16.6569 0.485281 -0.313708 
11.7426 17.1569 0.985281 0.186292 
13.2426 16.6569 -0.514719 -0.313708 
12.7426 17.1569 -0.0147186 0.186292 
12.2426 18.364 0.485281 -0.727922 
11.7426 18.864 0.985281 -0.227922 
12.7426 18.864 -0.0147186 -0.227922 
12.2426 19.364 0.485281 0.272078 
13.2426 19.364 -0.514719 0.272078 
13.9497 0 0.899495 0 
14.9497 0 -0.100505 0 
14.4497 0.5 0.399495 0.5 
14.4497 1.20711 0.399495 -0.914214 
13.9497 1.70711 0.899495 -0.414214 
14.9497 1.70711 -0.100505 -0.414214 
14.4497 2.20711 0.399495 0.0857864 
15.4497 2.20711 -0.600505 0.0857864 
14.9497 2.70711 -0.100505 0.585786 
14.9497 3.41421 -0.100505 -0.828427 
14.4497 3.91421 0.399495 -0.328427 
13.9497 4.41421 0.899495 0.171573 
15.4497 3.91421 -0.600505 -0.328427 
14.9497 4.41421 -0.100505 0.171573 
14.4497 5.62132 0.399495 -0.742641 
13.9497 6.12132 0.899495 -0.242641 
14.9497 6.12132 -0.100505 -0.242641 
14.4497 6.62132 0.399495 0.257359 
13.9497 7.82843 0.899495 -0.656854 
14.9497 7.82843 -0.100505 -0.656854 
14.4497 8.32843 0.399495 -0.156854 
15.4497 8.32843 -0.600505 -0.156854 
14.9497 8.82843 -0.100505 0.343146 
14.4497 10.0355 0.399495 -0.571068 
13.9497 10.5355 0.899495 -0.0710678 
15.4497 10.0355 -0.600505 -0.571068 
14.9497 10.5355 -0.100505 -0.0710678 
14.4497 11.0355 0.399495 0.428932 
14.4497 11.7426 0.399495 -0.985281 
13.9497 12.2426 0.899495 -0.485281 
14.9497 12.2426 -0.100505 -0.485281 
14.4497 12.7426 0.399495 0.0147186 
15.4497 12.7426 -0.600505 0.0147186 
14.9497 13.2426 -0.100505 0.514719 
14.9497 13.9497 -0.100505 -0.899495 
14.4497 14.4497 0.399495 -0.399495 
13.9497 14.9497 0.899495 0.100505 
15.4497 14.4497 -0.600505 -0.399495 
14.9497 14.9497 -0.100505 0.100505 
14.4497 15.4497 0.399495 0.600505 
14.4497 16.1569 0.399495 -0.813708 
13.9497 16.6569 0.899495 -0.313708 
14.9497 16.6569 -0.100505 -0.313708 
14.4497 17.1569 0.399495 0.186292 
15.4497 17.1569 -0.600505 0.186292 
14.9497 18.364 -0.100505 -0.727922 
14.4497 18.864 0.399495 -0.227922 
13.9497 19.364 0.899495 0.272078 
15.4497 18.864 -0.600505 -0.227922 
14.9497 19.364 -0.100505 0.272078 
16.6569 0 0.313708 0 
17.1569 0.5 -0.186292 0.5 
17.1569 1.20711 -0.186292 -0.914214 
16.6569 1.70711 0.313708 -0.414214 
16.1569 2.20711 0.813708 0.0857864 
17.1569 2.20711 -0.186292 0.0857864 
16.6569 2.70711 0.313708 0.585786 
16.6569 3.41421 0.313708 -0.828427 
16.1569 3.91421 0.813708 -0.328427 
17.1569 3.91421 -0.186292 -0.328427 
16.6569 4.41421 0.313708 0.171573 
16.1569 5.62132 0.813708 -0.742641 
17.1569 5.62132 -0.186292 -0.742641 
16.6569 6.12132 0.313708 -0.242641 
16.1569 6.62132 0.813708 0.257359 
17.1569 6.62132 -0.186292 0.257359 
16.6569 7.82843 0.313708 -0.656854 
16.1569 8.32843 0.813708 -0.156854 
17.1569 8.32843 -0.186292 -0.156854 
16.6569 8.82843 0.313708 0.343146 
16.1569 10.0355 0.813708 -0.571068 
17.1569 10.0355 -0.186292 -0.571068 
16.6569 10.5355 0.313708 -0.0710678 
17.1569 11.0355 -0.186292 0.428932 
17.1569 11.7426 -0.186292 -0.985281 
16.6569 12.2426 0.313708 -0.485281 
16.1569 12.7426 0.813708 0.0147186 
17.1569 12.7426 -0.186292 0.0147186 
16.6569 13.2426 0.313708 0.514719 
16.6569 13.9497 0.313708 -0.899495 
16.1569 14.4497 0.813708 -0.399495 
17.1569 14.4497 -0.186292 -0.399495 
16.6569 14.9497 0.313708 0.100505 
17.1569 15.4497 -0.186292 0.600505 
17.1569 16.1569 -0.186292 -0.813708 
16.6569 16.6569 0.313708 -0.313708 
16.1569 17.1569 0.813708 0.186292 
17.1569 17.1569 -0.186292 0.186292 
16.6569 18.364 0.313708 -0.727922 
16.1569 18.864 0.813708 -0.227922 
17.1569 18.864 -0.186292 -0.227922 
16.6569 19.364 0.313708 0.272078 
18.364 0 0.727922 0 
19.364 0 -0.272078 0 
18.864 0.5 0.227922 0.5 
18.864 1.20711 0.227922 -0.914214 
18.364 1.70711 0.727922 -0.414214 
19.364 1.70711 -0.272078 -0.414214 
18.864 2.20711 0.227922 0.0857864 
18.364 3.41421 0.727922 -0.828427 
19.364 3.41421 -0.272078 -0.828427 
18.864 3.91421 0.227922 -0.328427 
18.364 4.41421 0.727922 0.171573 
19.364 4.41421 -0.272078 0.171573 
18.864 5.62132 0.227922 -0.742641 
18.364 6.12132 0.727922 -0.242641 
19.364 6.12132 -0.272078 -0.242641 
18.864 6.62132 0.227922 0.257359 
18.364 7.82843 0.727922 -0.656854 
19.364 7.82843 -0.272078 -0.656854 
18.864 8.32843 0.227922 -0.156854 
18.364 8.82843 0.727922 0.343146 
19.364 8.82843 -0.272078 0.343146 
18.864 10.0355 0.227922 -0.571068 
18.364 10.5355 0.727922 -0.0710678 
19.364 10.5355 -0.272078 -0.0710678 
18.864 11.0355 0.227922 0.428932 
18.864 11.7426 0.227922 -0.985281 
18.364 12.2426 0.727922 -0.485281 
19.364 12.2426 -0.272078 -0.485281 
18.864 12.7426 0.227922 0.0147186 
19.364 13.2426 -0.272078 0.514719 
19.364 13.9497 -0.272078 -0.899495 
18.864 14.4497 0.227922 -0.399495 
18.364 14.9497 0.727922 0.100505 
19.364 14.9497 -0.272078 0.100505 
18.864 15.4497 0.227922 0.600505 
18.864 16.1569 0.227922 -0.813708 
18.364 16.6569 0.727922 -0.313708 
19.364 16.6569 -0.272078 -0.313708 
18.864 17.1569 0.227922 0.186292 
18.364 18.364 0.727922 -0.727922 
19.364 18.364 -0.272078 -0.727922 
18.864 18.864 0.227922 -0.227922 
18.364 19.364 0.727922 0.272078 
19.364 19.364 -0.272078 0.272078 
