0 0 0 0 
0 1.70711 0 -0.414214 
0.5 2.20711 -0.5 0.0857864 
0 2.70711 0 0.585786 
0 4.41421 0 0.171573 
0 6.12132 0 -0.242641 
0.5 6.62132 -0.5 0.257359 
0 7.12132 0 0.757359 
0 7.82843 0 -0.656854 
0.5 8.32843 -0.5 -0.156854 
0 8.82843 0 0.343146 
0 10.5355 0 -0.0710678 
0.5 11.0355 -0.5 0.428932 
0 11.5355 0 0.928932 
0 12.2426 0 -0.485281 
0.5 12.7426 -0.5 0.0147186 
0 13.2426 0 0.514719 
0 14.9497 0 0.100505 
0 16.6569 0 -0.313708 
0.5 17.1569 -0.5 0.186292 
0 17.6569 0 0.686292 
0 19.364 0 0.272078 
1.70711 0 0.414214 0 
1.20711 0.5 0.914214 0.5 
2.20711 0.5 -0.0857864 0.5 
1.70711 1.70711 0.414214 -0.414214 
1.20711 2.20711 0.914214 0.0857864 
2.20711 2.20711 -0.0857864 0.0857864 
1.70711 2.70711 0.414214 0.585786 
1.20711 3.91421 0.914214 -0.328427 
2.20711 3.91421 -0.0857864 -0.328427 
1.70711 4.41421 0.414214 0.171573 
1.20711 4.91421 0.914214 0.671573 
2.20711 4.91421 -0.0857864 0.671573 
1.70711 6.12132 0.414214 -0.242641 
1.20711 6.62132 0.914214 0.257359 
2.20711 6.62132 -0.0857864 0.257359 
1.70711 7.12132 0.414214 0.757359 
1.70711 7.82843 0.414214 -0.656854 
1.20711 8.32843 0.914214 -0.156854 
2.20711 8.32843 -0.0857864 -0.156854 
1.70711 8.82843 0.414214 0.343146 
2.20711 9.32843 -0.0857864 0.843146 
2.20711 10.0355 -0.0857864 -0.571068 
1.70711 10.5355 0.414214 -0.0710678 
1.20711 11.0355 0.914214 0.428932 
2.20711 11.0355 -0.0857864 0.428932 
1.70711 11.5355 0.414214 0.928932 
1.70711 12.2426 0.414214 -0.485281 
1.20711 12.7426 0.914214 0.0147186 
2.20711 12.7426 -0.0857864 0.0147186 
1.70711 13.2426 0.414214 0.514719 
1.20711 14.4497 0.914214 -0.399495 
2.20711 14.4497 -0.0857864 -0.399495 
1.70711 14.9497 0.414214 0.100505 
1.20711 15.4497 0.914214 0.600505 
2.20711 15.4497 -0.0857864 0.600505 
1.70711 16.6569 0.414214 -0.313708 
1.20711 17.1569 0.914214 0.186292 
2.20711 17.1569 -0.0857864 0.186292 
1.70711 17.6569 0.414214 0.686292 
1.20711 18.864 0.914214 -0.227922 
2.20711 18.864 -0.0857864 -0.227922 
1.70711 19.364 0.414214 0.272078 
1.20711 19.864 0.914214 0.772078 
2.20711 19.864 -0.0857864 0.772078 
3.41421 0 0.828427 0 
4.41421 0 -0.171573 0 
3.91421 0.5 0.328427 0.5 
3.41421 1.70711 0.828427 -0.414214 
4.41421 1.70711 -0.171573 -0.414214 
3.91421 2.20711 0.328427 0.0857864 
3.41421 2.70711 0.828427 0.585786 
4.41421 2.70711 -0.171573 0.585786 
3.91421 3.91421 0.328427 -0.328427 
3.41421 4.41421 0.828427 0.171573 
4.41421 4.41421 -0.171573 0.171573 
3.91421 4.91421 0.328427 0.671573 
3.41421 6.12132 0.828427 -0.242641 
4.41421 6.12132 -0.171573 -0.242641 
3.91421 6.62132 0.328427 0.257359 
3.41421 7.12132 0.828427 0.757359 
4.41421 7.12132 -0.171573 0.757359 
3.91421 8.32843 0.328427 -0.156854 
3.41421 8.82843 0.828427 0.343146 
4.41421 8.82843 -0.171573 0.343146 
3.91421 9.32843 0.328427 0.843146 
3.91421 10.0355 0.328427 -0.571068 
3.41421 10.5355 0.828427 -0.0710678 
4.41421 10.5355 -0.171573 -0.0710678 
3.91421 11.0355 0.328427 0.428932 
3.41421 12.2426 0.828427 -0.485281 
4.41421 12.2426 -0.171573 -0.485281 
3.91421 12.7426 0.328427 0.0147186 
3.41421 13.2426 0.828427 0.514719 
4.41421 13.2426 -0.171573 0.514719 
3.91421 14.4497 0.328427 -0.399495 
3.41421 14.9497 0.828427 0.100505 
4.41421 14.9497 -0.171573 0.100505 
3.91421 15.4497 0.328427 0.600505 
3.41421 16.6569 0.828427 -0.313708 
4.41421 16.6569 -0.171573 -0.313708 
3.91421 17.1569 0.328427 0.186292 
3.41421 17.6569 0.828427 0.686292 
4.41421 17.6569 -0.171573 0.686292 
3.91421 18.864 0.328427 -0.227922 
3.41421 19.364 0.828427 0.272078 
4.41421 19.364 -0.171573 0.272078 
3.91421 19.864 0.328427 0.772078 
6.12132 0 0.242641 0 
5.62132 0.5 0.742641 0.5 
6.62132 0.5 -0.257359 0.5 
6.12132 1.70711 0.242641 -0.414214 
5.62132 2.20711 0.742641 0.0857864 
6.62132 2.20711 -0.257359 0.0857864 
6.12132 2.70711 0.242641 0.585786 
5.62132 3.91421 0.742641 -0.328427 
6.62132 3.91421 -0.257359 -0.328427 
6.12132 4.41421 0.242641 0.171573 
5.62132 4.91421 0.742641 0.671573 
6.62132 4.91421 -0.257359 0.671573 
6.12132 6.12132 0.242641 -0.242641 
5.62132 6.62132 0.742641 0.257359 
6.62132 6.62132 -0.257359 0.257359 
6.12132 7.12132 0.242641 0.757359 
6.12132 7.82843 0.242641 -0.656854 
5.62132 8.32843 0.742641 -0.156854 
6.62132 8.32843 -0.257359 -0.156854 
6.12132 8.82843 0.242641 0.343146 
5.62132 9.32843 0.742641 0.843146 
5.62132 10.0355 0.742641 -0.571068 
6.12132 10.5355 0.242641 -0.0710678 
5.62132 11.0355 0.742641 0.428932 
6.62132 11.0355 -0.257359 0.428932 
6.12132 11.5355 0.242641 0.928932 
6.12132 12.2426 0.242641 -0.485281 
5.62132 12.7426 0.742641 0.0147186 
6.62132 12.7426 -0.257359 0.0147186 
6.12132 13.2426 0.242641 0.514719 
5.62132 14.4497 0.742641 -0.399495 
6.62132 14.4497 -0.257359 -0.399495 
6.12132 14.9497 0.242641 0.100505 
5.62132 15.4497 0.742641 0.600505 
6.62132 15.4497 -0.257359 0.600505 
6.12132 16.6569 0.242641 -0.313708 
5.62132 17.1569 0.742641 0.186292 
6.62132 17.1569 -0.257359 0.186292 
6.12132 17.6569 0.242641 0.686292 
5.62132 18.864 0.742641 -0.227922 
6.62132 18.864 -0.257359 -0.227922 
6.12132 19.364 0.242641 0.272078 
5.62132 19.864 0.742641 0.772078 
7.82843 0 0.656854 0 
7.32843 0.5 1.15685 0.5 
8.82843 0 -0.343146 0 
8.32843 0.5 0.156854 0.5 
7.82843 1.70711 0.656854 -0.414214 
7.32843 2.20711 1.15685 0.0857864 
8.32843 2.20711 0.156854 0.0857864 
7.82843 2.70711 0.656854 0.585786 
8.82843 2.70711 -0.343146 0.585786 
8.32843 3.91421 0.156854 -0.328427 
7.82843 4.41421 0.656854 0.171573 
8.82843 4.41421 -0.343146 0.171573 
8.32843 4.91421 0.156854 0.671573 
7.82843 6.12132 0.656854 -0.242641 
7.32843 6.62132 1.15685 0.257359 
8.82843 6.12132 -0.343146 -0.242641 
8.32843 6.62132 0.156854 0.257359 
7.82843 7.12132 0.656854 0.757359 
7.82843 7.82843 0.656854 -0.656854 
7.32843 8.32843 1.15685 -0.156854 
8.32843 8.32843 0.156854 -0.156854 
7.82843 8.82843 0.656854 0.343146 
8.82843 8.82843 -0.343146 0.343146 
8.32843 9.32843 0.156854 0.843146 
8.32843 10.0355 0.156854 -0.571068 
7.82843 10.5355 0.656854 -0.0710678 
7.32843 11.0355 1.15685 0.428932 
8.82843 10.5355 -0.343146 -0.0710678 
8.32843 11.0355 0.156854 0.428932 
7.82843 11.5355 0.656854 0.928932 
7.82843 12.2426 0.656854 -0.485281 
7.32843 12.7426 1.15685 0.0147186 
8.32843 12.7426 0.156854 0.0147186 
7.82843 13.2426 0.656854 0.514719 
8.82843 13.2426 -0.343146 0.514719 
8.32843 14.4497 0.156854 -0.399495 
7.82843 14.9497 0.656854 0.100505 
8.82843 14.9497 -0.343146 0.100505 
8.32843 15.4497 0.156854 0.600505 
7.82843 16.6569 0.656854 -0.313708 
7.32843 17.1569 1.15685 0.186292 
8.82843 16.6569 -0.343146 -0.313708 
8.32843 17.1569 0.156854 0.186292 
7.82843 17.6569 0.656854 0.686292 
7.32843 18.864 1.15685 -0.227922 
8.32843 18.864 0.156854 -0.227922 
7.82843 19.364 0.656854 0.272078 
8.82843 19.364 -0.343146 0.272078 
8.32843 19.864 0.156854 0.772078 
9.53553 0 1.07107 0 
10.5355 0 0.0710678 0 
10.0355 0.5 0.571068 0.5 
11.0355 0.5 -0.428932 0.5 
10.5355 1.70711 0.0710678 -0.414214 
10.0355 2.20711 0.571068 0.0857864 
9.53553 2.70711 1.07107 0.585786 
11.0355 2.20711 -0.428932 0.0857864 
10.5355 2.70711 0.0710678 0.585786 
10.0355 3.91421 0.571068 -0.328427 
9.53553 4.41421 1.07107 0.171573 
10.5355 4.41421 0.0710678 0.171573 
10.0355 4.91421 0.571068 0.671573 
9.53553 6.12132 1.07107 -0.242641 
10.5355 6.12132 0.0710678 -0.242641 
10.0355 6.62132 0.571068 0.257359 
11.0355 6.62132 -0.428932 0.257359 
10.5355 7.12132 0.0710678 0.757359 
10.5355 7.82843 0.0710678 -0.656854 
10.0355 8.32843 0.571068 -0.156854 
9.53553 8.82843 1.07107 0.343146 
11.0355 8.32843 -0.428932 -0.156854 
10.5355 8.82843 0.0710678 0.343146 
10.0355 9.32843 0.571068 0.843146 
10.0355 10.0355 0.571068 -0.571068 
9.53553 10.5355 1.07107 -0.0710678 
10.5355 10.5355 0.0710678 -0.0710678 
10.0355 11.0355 0.571068 0.428932 
11.0355 11.0355 -0.428932 0.428932 
10.5355 11.5355 0.0710678 0.928932 
10.5355 12.2426 0.0710678 -0.485281 
10.0355 12.7426 0.571068 0.0147186 
9.53553 13.2426 1.07107 0.514719 
11.0355 12.7426 -0.428932 0.0147186 
10.5355 13.2426 0.0710678 0.514719 
10.0355 14.4497 0.571068 -0.399495 
9.53553 14.9497 1.07107 0.100505 
10.5355 14.9497 0.0710678 0.100505 
10.0355 15.4497 0.571068 0.600505 
9.53553 16.6569 1.07107 -0.313708 
10.5355 16.6569 0.0710678 -0.313708 
10.0355 17.1569 0.571068 0.186292 
11.0355 17.1569 -0.428932 0.186292 
10.5355 17.6569 0.0710678 0.686292 
10.0355 18.864 0.571068 -0.227922 
9.53553 19.364 1.07107 0.272078 
12.2426 0 0.485281 0 
11.7426 0.5 0.985281 0.5 
12.7426 0.5 -0.0147186 0.5 
12.2426 1.70711 0.485281 -0.414214 
11.7426 2.20711 0.985281 0.0857864 
12.7426 2.20711 -0.0147186 0.0857864 
12.2426 2.70711 0.485281 0.585786 
11.7426 3.91421 0.985281 -0.328427 
12.7426 3.91421 -0.0147186 -0.328427 
12.2426 4.41421 0.485281 0.171573 
11.7426 4.91421 0.985281 0.671573 
12.7426 4.91421 -0.0147186 0.671573 
12.2426 6.12132 0.485281 -0.242641 
11.7426 6.62132 0.985281 0.257359 
12.7426 6.62132 -0.0147186 0.257359 
12.2426 7.12132 0.485281 0.757359 
12.2426 7.82843 0.485281 -0.656854 
11.7426 8.32843 0.985281 -0.156854 
12.7426 8.32843 -0.0147186 -0.156854 
12.2426 8.82843 0.485281 0.343146 
12.7426 9.32843 -0.0147186 0.843146 
12.7426 10.0355 -0.0147186 -0.571068 
12.2426 10.5355 0.485281 -0.0710678 
11.7426 11.0355 0.985281 0.428932 
12.7426 11.0355 -0.0147186 0.428932 
12.2426 11.5355 0.485281 0.928932 
12.2426 12.2426 0.485281 -0.485281 
11.7426 12.7426 0.985281 0.0147186 
12.7426 12.7426 -0.0147186 0.0147186 
12.2426 13.2426 0.485281 0.514719 
11.7426 14.4497 0.985281 -0.399495 
12.7426 14.4497 -0.0147186 -0.399495 
12.2426 14.9497 0.485281 0.100505 
11.7426 15.4497 0.985281 0.600505 
12.7426 15.4497 -0.0147186 0.600505 
12.2426 16.6569 0.485281 -0.313708 
11.7426 17.1569 0.985281 0.186292 
13.9497 0 0.899495 0 
14.9497 0 -0.100505 0 
14.4497 0.5 0.399495 0.5 
13.9497 1.70711 0.899495 -0.414214 
14.9497 1.70711 -0.100505 -0.414214 
14.4497 2.20711 0.399495 0.0857864 
13.9497 2.70711 0.899495 0.585786 
14.9497 2.70711 -0.100505 0.585786 
14.4497 3.91421 0.399495 -0.328427 
13.9497 4.41421 0.899495 0.171573 
14.9497 4.41421 -0.100505 0.171573 
14.4497 4.91421 0.399495 0.671573 
13.9497 6.12132 0.899495 -0.242641 
14.9497 6.12132 -0.100505 -0.242641 
14.4497 6.62132 0.399495 0.257359 
13.9497 7.12132 0.899495 0.757359 
14.9497 7.12132 -0.100505 0.757359 
14.4497 8.32843 0.399495 -0.156854 
13.9497 8.82843 0.899495 0.343146 
14.9497 8.82843 -0.100505 0.343146 
14.4497 9.32843 0.399495 0.843146 
14.4497 10.0355 0.399495 -0.571068 
13.9497 10.5355 0.899495 -0.0710678 
14.9497 10.5355 -0.100505 -0.0710678 
14.4497 11.0355 0.399495 0.428932 
13.9497 12.2426 0.899495 -0.485281 
14.9497 12.2426 -0.100505 -0.485281 
14.4497 12.7426 0.399495 0.0147186 
13.9497 13.2426 0.899495 0.514719 
14.9497 13.2426 -0.100505 0.514719 
14.4497 14.4497 0.399495 -0.399495 
13.9497 14.9497 0.899495 0.100505 
16.6569 0 0.313708 0 
16.1569 0.5 0.813708 0.5 
17.1569 0.5 -0.186292 0.5 
16.6569 1.70711 0.313708 -0.414214 
16.1569 2.20711 0.813708 0.0857864 
17.1569 2.20711 -0.186292 0.0857864 
16.6569 2.70711 0.313708 0.585786 
16.1569 3.91421 0.813708 -0.328427 
17.1569 3.91421 -0.186292 -0.328427 
16.6569 4.41421 0.313708 0.171573 
16.1569 4.91421 0.813708 0.671573 
17.1569 4.91421 -0.186292 0.671573 
16.6569 6.12132 0.313708 -0.242641 
16.1569 6.62132 0.813708 0.257359 
17.1569 6.62132 -0.186292 0.257359 
16.6569 7.12132 0.313708 0.757359 
16.6569 7.82843 0.313708 -0.656854 
16.1569 8.32843 0.813708 -0.156854 
17.1569 8.32843 -0.186292 -0.156854 
16.6569 8.82843 0.313708 0.343146 
16.1569 9.32843 0.813708 0.843146 
16.1569 10.0355 0.813708 -0.571068 
16.6569 10.5355 0.313708 -0.0710678 
16.1569 11.0355 0.813708 0.428932 
17.1569 11.0355 -0.186292 0.428932 
16.6569 11.5355 0.313708 0.928932 
16.6569 12.2426 0.313708 -0.485281 
16.1569 12.7426 0.813708 0.0147186 
18.364 0 0.727922 0 
19.364 0 -0.272078 0 
18.864 0.5 0.227922 0.5 
18.364 1.70711 0.727922 -0.414214 
19.364 1.70711 -0.272078 -0.414214 
18.864 2.20711 0.227922 0.0857864 
18.364 2.70711 0.727922 0.585786 
19.364 2.70711 -0.272078 0.585786 
18.864 3.91421 0.227922 -0.328427 
18.364 4.41421 0.727922 0.171573 
19.364 4.41421 -0.272078 0.171573 
18.864 4.91421 0.227922 0.671573 
18.364 6.12132 0.727922 -0.242641 
19.364 6.12132 -0.272078 -0.242641 
18.864 6.62132 0.227922 0.257359 
18.364 7.12132 0.727922 0.757359 
18.364 7.82843 0.727922 -0.656854 
18.864 8.32843 0.227922 -0.156854 
18.364 8.82843 0.727922 0.343146 
19.364 8.82843 -0.272078 0.343146 
18.864 9.32843 0.227922 0.843146 
18.864 10.0355 0.227922 -0.571068 
18.364 10.5355 0.727922 -0.0710678 
